기간	구분	계	아파트 연립다세대	단독주택	노상	상점	숙박업소목욕탕	유흥접객업소	사무실	역대합실	교통수단	유원지	학교	금융기관	기타
2016	계	117,839	4,660	6,266	35,003	5,385	1,533	5,098	2,052	808	2,197	854	636	1,127	52,220
2016	살인	148	12	30	22	1	4	8	1	-	-	2	-	1	67
2016	강도	262	20	15	86	34	9	13	8	-	1	2	-	1	73
2016	강간강제추행	6,002	284	395	986	95	389	398	132	181	841	59	33	2	2,207
2016	절도	46,857	1,504	2,246	9,356	4,403	828	2,034	682	355	889	367	400	1,081	22,712
2016	폭력	64,570	2,840	3,580	24,553	852	303	2,645	1,229	272	466	424	203	42	27,161
2017	계	107,835	4,523	5,092	32,063	5,047	1,437	5,077	1,772	908	2,359	754	518	1,024	47,261
2017	살인	142	21	25	27	1	5	10	5	-	1	1	-	-	46
2017	강도	169	20	11	43	22	8	5	5	1	-	1	-	3	50
2017	강간강제추행	6,963	319	413	1,061	116	408	495	130	242	1,105	51	49	1	2,573
2017	절도	41,162	1,209	1,340	8,255	4,119	670	1,809	564	335	744	282	247	990	20,598
2017	폭력	59,399	2,954	3,303	22,677	789	346	2,758	1,068	330	509	419	222	30	23,994
2018	계	101,948	7,682	8,150	32,372	8,635	2,410	9,356	2,354	1,455	3,110	1,152	634	1,375	23,263
2018	살인	143	29	40	24	3	3	8	6	1	1	1	-	-	27
2018	강도	143	10	16	42	27	10	4	6	1	1	-	-	2	24
2018	강간강제추행	6,412	441	538	978	170	553	851	114	280	968	57	60	6	1,396
2018	절도	39,175	1,907	2,020	9,087	6,990	1,249	3,231	721	531	1,001	613	296	1,302	10,227
2018	폭력	56,075	5,295	5,536	22,241	1,445	595	5,262	1,507	642	1,139	481	278	65	11,589
2019	계	103,668	8,999	8,757	32,295	10,092	2,397	9,725	2,203	1,524	3,358	1,248	685	1,199	21,186
2019	살인	136	25	36	26	1	7	9	4	-	-	2	-	-	26
2019	강도	136	7	12	36	22	7	19	4	1	3	2	-	1	22
2019	강간강제추행	6,469	533	552	946	178	528	968	128	255	966	54	49	3	1,309
2019	절도	42,204	2,455	2,163	10,198	8,464	1,297	3,481	626	593	1,156	649	363	1,104	9,655
2019	폭력	54,723	5,979	5,994	21,089	1,427	558	5,248	1,441	675	1,233	541	273	91	10,174